GeneA,GeneB,UniprotA,UniprotB,SymbolA,SymbolB,pW,pNI,pInt,Shared
88455,115106,Q8IZ07,Q96CS2,ANKRD13A,HAUS1,0.0003959215141297,3.29800299052e-05,0.999571098455965,False
88455,93323,Q8IZ07,Q9BT25-2,ANKRD13A,HAUS8,0.044884728331024,0.0019347307607752,0.953180540908201,False
286499,326625,Q8N9E0,Q96EY8,FAM133A,MMAB,7.40239368323e-05,0.0009296225615076,0.99899635350166,False
286499,374659,Q8N9E0,Q8N4P3-2,FAM133A,HDDC3,9.18095946902916e-07,0.0001278317858927,0.99987125011816,False
2205,51119,P12319,Q9Y3A5,FCER1A,SBDS,8.70939403623511e-07,0.0014954801120866,0.99850364894851,False
2205,6337,P12319,P37088-2,FCER1A,SCNN1A,9.14765890794484e-06,0.0020614830940198,0.997929369247072,False
2205,54863,P12319,Q9NXH8,FCER1A,C9orf167,1.45557970431e-05,0.010809164100567,0.98917628010239,False
2205,5313,P12319,P30613-2,FCER1A,PKLR,1.12983556602581e-06,0.0001199388485713,0.999878931315862,False
2205,100509457,P12319,Q08AS3,FCER1A,LOC100509457,8.72129894385738e-06,0.0006615904752231,0.999329688225833,False
2205,5645,P12319,P07478,FCER1A,PRSS2,0.0003323596460991,0.163203302925273,0.836464337428628,False
2205,23141,P12319,Q86XL3,FCER1A,ANKLE2,3.97414535513e-05,0.0106172019920014,0.989343056554447,False
2205,79877,P12319,Q8WVC6,FCER1A,DCAKD,0.000124049073022,0.0441699003428835,0.955706050584095,False
29960,57505,Q9UI43,Q5JTZ9,FTSJ2,AARS2,0.0304520489289866,0.179415987538591,0.790131963532422,False
29960,51103,Q9UI43,Q9Y375,FTSJ2,NDUFAF1,4.760803208495241e-10,0.0029995385708137,0.997000460953106,False
29960,87178,Q9UI43,Q8TCS8,FTSJ2,PNPT1,1.87915927206437e-09,0.0011854748069222,0.998814523313919,False
29960,51001,Q9UI43,Q96E29-2,FTSJ2,MTERFD1,2.42400611774728e-13,0.0500096493776137,0.949990350622144,False
29960,80324,Q9UI43,Q9Y606-2,FTSJ2,PUS1,1.45252960776926e-08,7.78179090855021e-08,0.999999907656795,False
29960,51654,Q9UI43,Q96SZ6-2,FTSJ2,CDK5RAP1,2.5521218062394296e-11,8.6255293756268e-08,0.999999913719185,False
29960,55157,Q9UI43,Q6PI48,FTSJ2,DARS2,2.00485879751303e-06,1.68732516802e-05,0.999981121889522,False
29960,64745,Q9UI43,Q9H7H0-2,FTSJ2,METTL17,0.0700630938336796,0.0119625495819239,0.917974356584396,False
29960,197322,Q9UI43,Q4G176,FTSJ2,ACSF3,2.41185376050947e-08,0.0008067767595092,0.999193199121953,False
29960,54948,Q9UI43,Q9NX20,FTSJ2,MRPL16,1.2073784036470601e-09,9.93297183476e-05,0.999900669074274,False
29960,80221,Q9UI43,Q96CM8,FTSJ2,ACSF2,0.0005194561930959,0.202065331122679,0.797415212684225,False
29960,92399,Q9UI43,Q96E11-2,FTSJ2,MRRF,3.42821947956155e-08,1.41563031146376e-07,0.999999824154774,False
29960,92667,Q9UI43,Q9BQP7,FTSJ2,C20orf72,0.0043133265969975,0.0452815532250919,0.95040512017791,False
29960,55217,Q9UI43,Q9NVH6,FTSJ2,TMLHE,5.32001909219861e-11,1.4648714265603e-06,0.999998535075373,False
8939,10954,Q96I24-2,Q14554,FUBP3,PDIA5,2.5981861917925698e-11,0.0303107076880845,0.969689292285934,False
8939,90316,Q96I24-2,Q8IUE1,FUBP3,TGIF2LX,4.6480590949883e-12,0.0055446463653161,0.994455353630036,False
50614,80004,Q9HCQ5-2,Q9H6T0-2,GALNT9,ESRP2,4.1909505566597496e-11,0.149012168011976,0.850987831946114,False
50614,374897,Q9HCQ5-2,E9PBV3,GALNT9,SBSN,1.7609997182724399e-13,0.0909397290125318,0.909060270987292,False
50614,79598,Q9HCQ5-2,Q8IW35-2,GALNT9,CEP97,1.1248119000259298e-11,0.0001125024760141,0.999887497512738,False
50614,145264,Q9HCQ5-2,Q8IW75,GALNT9,SERPINA12,1.4817851264783e-10,0.0016283928985073,0.998371606953314,False
50614,84659,Q9HCQ5-2,Q9H1E1,GALNT9,RNASE7,1.66732629742175e-07,0.0380835045619502,0.96191632870542,False
50614,55871,Q9HCQ5-2,Q9BRT8,GALNT9,CBWD1,5.98476341441707e-10,0.0128934736175609,0.987106525783963,False
50614,79596,Q9HCQ5-2,Q5W0B1,GALNT9,RNF219,1.4290760712566e-12,0.0025353423137847,0.997464657684786,False
50614,51200,Q9HCQ5-2,Q9UI42,GALNT9,CPA4,0.0212287396464785,4.87458107707849e-07,0.978770772895414,False
50614,121214,Q9HCQ5-2,Q8NEX9,GALNT9,SDR9C7,2.93071177739243e-08,0.0013631613355088,0.998636809357373,False
50614,128239,Q9HCQ5-2,Q86VI3,GALNT9,IQGAP3,1.60534937227056e-08,0.0066839755514552,0.993316008395051,False
50614,51433,Q9HCQ5-2,Q9UJX4,GALNT9,ANAPC5,2.03435502466674e-12,9.34595312909732e-06,0.999990654044836,False
50614,63922,Q9HCQ5-2,Q8WVB6-2,GALNT9,CHTF18,2.7260451140517497e-12,7.01706860361e-05,0.999929829311238,False
50614,55072,Q9HCQ5-2,Q96EP0-3,GALNT9,RNF31,4.13782694249406e-07,0.162780878927896,0.83721870728941,False
50614,59344,Q9HCQ5-2,Q9BYJ1,GALNT9,ALOXE3,2.47998678996814e-07,0.0010139183097123,0.998985833691609,False
50614,57139,Q9HCQ5-2,Q3MIN7,GALNT9,RGL3,4.57496931326e-05,0.0296560599354202,0.970298190371447,False
50614,80347,Q9HCQ5-2,Q13057-2,GALNT9,COASY,3.09679612757553e-11,0.0350794874789285,0.964920512490104,False
50614,65082,Q9HCQ5-2,Q96AX1,GALNT9,VPS33A,9.82449902753359e-08,0.211215216056325,0.788784685698684,False
50614,399664,Q9HCQ5-2,Q86XN8-2,GALNT9,MEX3D,3.70735516437589e-15,0.190644090626904,0.809355909373092,False
50614,448834,Q9HCQ5-2,Q5T749,GALNT9,KPRP,7.677233081553119e-11,0.0632587699522751,0.936741229970953,False
3487,11188,P22692,Q9Y2I1,IGFBP4,NISCH,1.7952517326395402e-09,0.0001071029236362,0.999892895281112,False
3487,10536,P22692,Q8IVL6,IGFBP4,LEPREL2,1.71303749840226e-09,0.24463620847888,0.755363789808082,False
3487,84926,P22692,Q8NCJ5,IGFBP4,SPRYD3,0.0002440845012639,0.0315266097233316,0.968229305775404,False
3487,221806,P22692,Q8N2E2,IGFBP4,VWDE,0.0002437579126043,0.0014193067154926,0.998336935371903,False
3487,23304,P22692,Q8IWV8-4,IGFBP4,UBR2,0.0001131186207135,0.208691066103947,0.79119581527534,False
3487,84861,P22692,Q53GT1,IGFBP4,KLHL22,8.07993240947e-05,5.50635634176707e-06,0.999913694319563,False
3487,200933,P22692,P0C2W1,IGFBP4,FBXO45,0.155931925083805,0.0001446345609298,0.843923440355265,False
3487,90293,P22692,Q9P2N7-2,IGFBP4,KLHL13,0.0965206222120964,0.0003334675806388,0.903145910207265,False
3487,55958,P22692,Q9P2J3,IGFBP4,KLHL9,1.1025932157e-05,0.003422985440568,0.996565988627275,False
3487,23765,P22692,Q96F46,IGFBP4,IL17RA,0.0070719441143511,0.003383216531854,0.989544839353795,False
3487,4853,P22692,Q04721,IGFBP4,NOTCH2,3.09942773395e-05,7.44289635275522e-07,0.999968261433025,False
3487,4851,P22692,P46531,IGFBP4,NOTCH1,2.14244052902e-05,0.154956818917062,0.845021756677648,False
55554,79143,Q9H2R5,Q96N66-2,KLK15,MBOAT7,1.63320019733581e-14,0.0678182126748047,0.932181787325179,False
55554,163590,Q9H2R5,Q8NFQ8,KLK15,TOR1AIP2,0.0411332815500708,0.0018772389090145,0.956989479540915,False
55554,59342,Q9H2R5,Q9HB40-2,KLK15,SCPEP1,5.24487644864e-05,3.8318913061334e-07,0.999947168046383,False
55554,66005,Q9H2R5,Q9BWS9-3,KLK15,CHID1,0.0001691131635017,0.194917515246991,0.804913371589507,False
55554,64222,Q9H2R5,Q9H497,KLK15,TOR3A,0.0005937391700305,7.72670652792673e-06,0.999398534123441,False
55554,55761,Q9H2R5,Q96AE7,KLK15,TTC17,0.0029807346861051,0.0003376112923918,0.996681654021503,False
55554,57326,Q9H2R5,Q96AQ6-2,KLK15,PBXIP1,6.51297869592114e-13,0.177887749227251,0.822112250772098,False
55554,170384,Q9H2R5,Q495W5-2,KLK15,FUT11,2.4811349070302997e-12,0.0107739867721073,0.989226013225411,False
55554,65123,Q9H2R5,Q68E01-2,KLK15,INTS3,1.0255921809466401e-09,0.0003857990714627,0.999614199902945,False
55554,89944,Q9H2R5,Q8IW92,KLK15,GLB1L2,1.35060848064825e-13,0.115993921165187,0.884006078834678,False
55554,57521,Q9H2R5,Q8N122,KLK15,RPTOR,1.37332246038113e-10,0.0113041252611002,0.988695874601568,False
55554,90161,Q9H2R5,Q96MM7-2,KLK15,HS6ST2,1.55701205072933e-06,0.0305086383854141,0.969489804602535,False
55554,221806,Q9H2R5,Q8N2E2,KLK15,VWDE,4.58581182888168e-14,0.0035227983288168,0.996477201671137,False
55554,79070,Q9H2R5,Q6UW63,KLK15,KDELC1,0.0262499502967995,0.0085097031870239,0.965240346516177,False
55554,84197,Q9H2R5,Q9H5K3,KLK15,SGK196,9.633906306554741e-14,0.0001461688990349,0.999853831100869,False
55554,55741,Q9H2R5,Q9BV94-2,KLK15,EDEM2,5.6698151253931e-09,0.0104629111863198,0.989537083143865,False
55554,84896,Q9H2R5,Q8NBU5,KLK15,ATAD1,7.3675089763e-05,0.0052241654796968,0.99470215943054,False
55554,80020,Q9H2R5,Q8IWF2,KLK15,FOXRED2,0.0006536405688545,0.0657525800657958,0.933593779365349,False
55554,83985,Q9H2R5,Q9H2V7-2,KLK15,SPNS1,0.000293658021536,0.180384934572366,0.819321407406097,False
55554,126353,Q9H2R5,Q8IVT2,KLK15,C19orf21,3.75541494512857e-16,0.159496156781616,0.840503843218384,False
55554,90550,Q9H2R5,Q8NE86,KLK15,CCDC109A,4.00508488280754e-10,0.0560060230811359,0.943993976518356,False
55554,285362,Q9H2R5,Q8NBK3-2,KLK15,SUMF1,9.82260536441262e-13,0.185433833464564,0.814566166534454,False
55554,339123,Q9H2R5,Q96S16-2,KLK15,JMJD8,9.70288227956889e-10,0.0196521676066492,0.980347831423063,False
55554,80179,Q9H2R5,Q96H55-3,KLK15,MYO19,2.03732671510635e-11,0.0153165294427034,0.984683470536923,False
55554,84168,Q9H2R5,Q9H6X2,KLK15,ANTXR1,7.128303959547759e-11,0.0218823765541705,0.978117623374546,False
55554,221927,Q9H2R5,Q6PJG6,KLK15,BRAT1,2.1255280248716102e-14,0.04135537799213,0.958644622007849,False
55554,55830,Q9H2R5,Q68CQ7,KLK15,GLT8D1,1.74044599904673e-15,0.0563580743170269,0.943641925682971,False
55554,79412,Q9H2R5,Q8NCW0-2,KLK15,KREMEN2,0.0001791694950406,0.164833184219583,0.834987646285376,False
55554,151176,Q9H2R5,Q4G0M1,KLK15,FAM132B,5.85232830273793e-11,0.0635459245142132,0.936454075427264,False
55554,83440,Q9H2R5,Q9BRR6-2,KLK15,ADPGK,8.42470938893012e-12,1.22896442218739e-06,0.999998771027153,False
55554,80146,Q9H2R5,Q8NBZ7-2,KLK15,UXS1,3.15379984937972e-06,0.0632457418511985,0.936751104348952,False
55554,83986,Q9H2R5,Q9H0X4,KLK15,ITFG3,0.0041449921947288,0.114381327455511,0.88147368034976,False
151888,100288413,Q7Z6A9-2,Q9H9K5,BTLA,LOC100288413,0.101456326968155,0.0109519317153912,0.887591741316454,False
151888,153642,Q7Z6A9-2,Q6UWY0,BTLA,ARSK,7.52342693767571e-08,0.0451790070639331,0.954820917701797,False
151888,220323,Q7Z6A9-2,Q86UD1,BTLA,OAF,0.0387696557806703,0.15776524978515,0.80346509443418,False
151888,284207,Q7Z6A9-2,Q641Q3,BTLA,METRNL,2.6671988419293904e-09,0.0017782081489315,0.99822178918387,False
4153,5683,P11226,P25787,MBL2,PSMA2,4.67175179168831e-12,0.0761807346339692,0.923819265361359,False
4153,5684,P11226,P25788-2,MBL2,PSMA3,2.36334465203422e-09,0.154540040132325,0.845459957504331,False
4153,5689,P11226,P20618,MBL2,PSMB1,2.70905395383038e-10,0.109733443431999,0.890266556297095,False
4153,5687,P11226,P60900,MBL2,PSMA6,7.35545453873358e-07,0.0121139974947098,0.987885266959836,False
4153,5690,P11226,P49721,MBL2,PSMB2,1.00122253927517e-09,3.72617622625e-05,0.999962737236515,False
4153,5682,P11226,P25786-2,MBL2,PSMA1,1.5356933384697698e-11,0.0506075110841834,0.94939248890046,False
4153,90316,P11226,Q8IUE1,MBL2,TGIF2LX,6.71975384284336e-08,0.239911829820897,0.760088102981565,False
4153,5695,P11226,Q99436,MBL2,PSMB7,0.0003157337829939,0.0315637033537821,0.968120562863224,False
4153,5692,P11226,P28070,MBL2,PSMB4,2.30917290958221e-10,0.0337235566680991,0.966276443100984,False
4153,23198,P11226,Q14997,MBL2,PSME4,2.49848451844e-05,0.0010926980184696,0.998882317136346,False
4153,80204,P11226,Q86XK2-5,MBL2,FBXO11,0.001385158164579,0.175821309092254,0.822793532743167,False
4153,5691,P11226,P49720,MBL2,PSMB3,0.0663113945212822,0.0114387970321482,0.92224980844657,False
4239,7093,P55083,Q9Y6L7,MFAP4,TLL2,0.0001296524100046,0.0002741784456523,0.999596169144343,False
4239,5611,P55083,Q13217,MFAP4,DNAJC3,1.20026411237781e-07,0.0068274155347615,0.993172464438827,False
4239,23324,P55083,Q9Y2E5-2,MFAP4,MAN2B2,0.0003998200850191,0.0167807250825273,0.982819454832453,False
4239,55757,P55083,Q9NYU1,MFAP4,UGGT2,1.44095321048821e-08,9.33629260638331e-06,0.999990649297862,False
4239,66005,P55083,Q9BWS9-3,MFAP4,CHID1,0.0715916551794197,8.44450624674e-05,0.928323899758113,False
4239,8720,P55083,Q14703,MFAP4,MBTPS1,0.0443179922216693,1.96460223575e-05,0.955662361755973,False
4239,10609,P55083,Q92791,MFAP4,LEPREL4,0.0475523680466029,0.032973699629293,0.919473932324104,False
4239,80267,P55083,Q9BZQ6,MFAP4,EDEM3,3.16362645320658e-07,0.0022772431681426,0.997722440469212,False
4239,116969,P55083,Q96L15-2,MFAP4,ART5,0.226369300918771,0.0069207694380477,0.766709929643182,False
4239,79573,P55083,Q8NBP0-2,MFAP4,TTC13,5.7627938525078495e-11,0.0012454148186542,0.998754585123718,False
4239,80020,P55083,Q8IWF2,MFAP4,FOXRED2,8.36145021373265e-13,0.0002192547499874,0.999780745249176,False
4239,84892,P55083,Q8NAT1,MFAP4,C3orf39,5.43021064970821e-13,0.0863552384915981,0.913644761507859,False
4239,55794,P55083,Q9NUL7,MFAP4,DDX28,6.07796187870849e-13,0.0504446357228228,0.949555364276569,False
4239,80781,P55083,P39060-1,MFAP4,COL18A1,1.10691591916457e-10,0.0001433382349237,0.999856661654385,False
4239,25777,P55083,Q9UH99,MFAP4,SUN2,1.8806998226594402e-09,7.42651651041918e-08,0.999999923854135,False
4239,9244,P55083,O75462,MFAP4,CRLF1,1.91497798770083e-12,0.119315676656475,0.88068432334161,False
4239,55761,P55083,Q96AE7,MFAP4,TTC17,0.0042002048863438,0.0076465727920225,0.988153222321634,False
4239,8646,P55083,Q9H2X0-5,MFAP4,CHRD,9.7833108398411e-11,0.0001161759999048,0.999883823902262,False
4239,27348,P55083,O14657,MFAP4,TOR1B,7.09269931829714e-14,0.221697219183051,0.778302780816878,False
4239,10536,P55083,Q8IVL6,MFAP4,LEPREL2,1.49331947886449e-06,0.110856032353831,0.88914247432669,False
4239,57326,P55083,Q96AQ6-2,MFAP4,PBXIP1,8.56836549872727e-11,0.0658497451543487,0.934150254759968,False
4239,23505,P55083,Q92545,MFAP4,TMEM131,4.39098769872e-05,0.201350051759057,0.798606038363956,False
4239,5328,P55083,P00749-2,MFAP4,PLAU,2.18100591061221e-06,0.0027860962050771,0.997211722789012,False
4239,54480,P55083,Q9P2E5-2,MFAP4,CHPF2,2.14656999222466e-10,0.0113742921402025,0.98862570764514,False
4239,374378,P55083,Q6P9A2,MFAP4,GALNTL4,7.23064841668708e-08,0.249535905724604,0.750464021968912,False
4239,4669,P55083,P54802,MFAP4,NAGLU,3.3892760798534e-07,0.0017519167029066,0.998247744369485,False
4239,5362,P55083,O75051,MFAP4,PLXNA2,7.22545693454352e-06,0.07235436952281,0.927638405020255,False
4239,55558,P55083,P51805,MFAP4,PLXNA3,2.67856136101e-05,0.231341875149266,0.768631339237124,False
4239,5361,P55083,Q9UIW2,MFAP4,PLXNA1,0.0013106319733603,0.0517832578436318,0.946906110183008,False
4239,11173,P55083,Q9UKP4,MFAP4,ADAMTS7,6.87211294953517e-10,0.196296681487513,0.803703317825276,False
4239,140032,P55083,Q8TD47,MFAP4,RPS4Y2,0.0001423887212347,0.101883427954843,0.897974183323922,False
4239,11247,P55083,O95158,MFAP4,NXPH4,0.0015788133991535,0.0771037105359716,0.921317476064875,False
4239,5551,P55083,P14222,MFAP4,PRF1,0.0008022471681965,5.87837186126322e-06,0.999191874459942,False
4239,170384,P55083,Q495W5-2,MFAP4,FUT11,9.46552341589637e-06,0.114923582620788,0.885066951855796,False
4239,493869,P55083,Q8TED1,MFAP4,GPX8,5.48234310556e-05,0.0295156701337873,0.970429506435157,False
4239,7057,P55083,P07996,MFAP4,THBS1,8.84676073573e-05,0.0127600075751254,0.987151524817517,False
4239,10076,P55083,Q92729-2,MFAP4,PTPRU,0.0086933593613284,0.008649561661301,0.982657078977371,False
4239,23420,P55083,Q15155,MFAP4,NOMO1,0.0098476861915755,0.0422990988564931,0.947853214951931,False
4239,7869,P55083,Q13214-2,MFAP4,SEMA3B,0.0086811168267357,0.0464598562698634,0.944859026903401,False
4239,79875,P55083,Q6ZMP0,MFAP4,THSD4,0.0609318565762832,0.0365628168245799,0.902505326599137,False
4239,7368,P55083,Q16880,MFAP4,UGT8,4.84434632495849e-06,0.0576296592668308,0.942365496386844,False
4239,57214,P55083,Q8WUJ3-2,MFAP4,KIAA1199,1.7108881970077801e-09,4.32094935656629e-06,0.999995677339755,False
4239,51148,P55083,Q5T4B2,MFAP4,CERCAM,9.18786811843879e-13,0.164359847402109,0.835640152596972,False
4239,4249,P55083,Q09328,MFAP4,MGAT5,4.3014361209544505e-15,0.152654060388748,0.847345939611248,False
4239,9860,P55083,O94898,MFAP4,LRIG2,1.08575958221255e-13,0.228982520768893,0.771017479230999,False
4239,5768,P55083,O00391-2,MFAP4,QSOX1,4.37185130737607e-08,6.98846985676079e-06,0.99999296781163,False
4239,153642,P55083,Q6UWY0,MFAP4,ARSK,1.139477934019e-09,1.71452544513601e-06,0.999998284335077,False
4239,56983,P55083,Q8NBL1,MFAP4,POGLUT1,0.0002046958039949,1.84687716594432e-07,0.999795119508288,False
4239,8728,P55083,Q9H013-2,MFAP4,ADAM19,3.54587764135891e-12,0.0005248200121655,0.999475179984289,False
4239,143888,P55083,Q7Z4H8,MFAP4,KDELC2,4.95933800903929e-06,0.0001100800709524,0.999884960591038,False
4239,80146,P55083,Q8NBZ7-2,MFAP4,UXS1,1.23842921014853e-08,0.0055512214267961,0.994448766188912,False
4239,51435,P55083,Q6AZY7-2,MFAP4,SCARA3,1.0058229839424e-09,0.0707262401307294,0.929273758863448,False
4239,93145,P55083,O95897,MFAP4,OLFM2,3.20165734098e-05,0.196411499830272,0.803556483596319,False
4239,10855,P55083,Q9Y251,MFAP4,HPSE,4.75492345216357e-08,0.1702826002964,0.829717352154365,False
4239,23467,P55083,O95502,MFAP4,NPTXR,8.66464410761e-05,0.182781128204429,0.817132225354495,False
4239,9833,P55083,Q14680,MFAP4,MELK,3.3434956406313203e-09,0.0052464128870458,0.994753583769459,False
4239,23765,P55083,Q96F46,MFAP4,IL17RA,0.0148663458290001,0.0060032324299039,0.979130421741096,False
4239,220323,P55083,Q86UD1,MFAP4,OAF,6.72694160897673e-11,5.21941336543547e-06,0.999994780519365,False
4239,27163,P55083,Q02083-2,MFAP4,NAAA,0.0411332815500708,0.0018772389090145,0.956989479540915,False
4239,90161,P55083,Q96MM7-2,MFAP4,HS6ST2,0.0039538663890413,0.0101860823071073,0.985860051303851,False
4239,113189,P55083,Q8NCH0,MFAP4,CHST14,0.113839146855462,0.0276437465777659,0.858517106566772,False
4239,9289,P55083,Q9Y653-2,MFAP4,GPR56,0.0260763190033198,0.0019446378468771,0.971979043149803,False
4239,55501,P55083,Q9NRB3,MFAP4,CHST12,0.0014920441961034,0.134135424219379,0.864372531584517,False
4239,5046,P55083,P29122-2,MFAP4,PCSK6,0.000496436925502,0.107570156473389,0.891933406601109,False
4239,10512,P55083,Q99985,MFAP4,SEMA3C,1.15189506479469e-14,0.0799483200417739,0.920051679958215,False
4239,6448,P55083,P51688,MFAP4,SGSH,1.80319276661409e-11,0.0236547746579425,0.976345225324026,False
4239,79006,P55083,Q9UJH8,MFAP4,METRN,1.4826808585158e-08,0.11523674497624,0.884763240196951,False
4239,10501,P55083,Q9H3T3,MFAP4,SEMA6B,5.92556883851e-05,0.0057267395296079,0.994214004782007,False
4239,8771,P55083,O95407,MFAP4,TNFRSF6B,1.36220149267155e-12,0.211487181369336,0.788512818629302,False
4239,54972,P55083,Q24JP5-2,MFAP4,TMEM132A,1.88777369115656e-10,0.0743253850883406,0.925674614722882,False
4239,148113,P55083,Q8IUL8,MFAP4,CILP2,4.24969177175981e-14,0.205197443888905,0.794802556111053,False
4239,10554,P55083,Q99943,MFAP4,AGPAT1,1.46706951462385e-13,0.244562985716105,0.755437014283748,False
4239,79414,P55083,Q9BTN0,MFAP4,LRFN3,8.868292431017821e-09,0.0297231176842638,0.970276873447444,False
4239,4324,P55083,P51511,MFAP4,MMP15,6.62346089027325e-16,0.179713064276269,0.820286935723731,False
4239,9254,P55083,Q9NY47-2,MFAP4,CACNA2D2,4.47200228633144e-14,0.0276913906886886,0.972308609311267,False
4239,57190,P55083,Q9NZV5-2,MFAP4,SEPN1,3.18134631028971e-08,0.0149146556812254,0.985085312505311,False
4239,284207,P55083,Q641Q3,MFAP4,METRNL,5.11385265717093e-06,0.0059908036243195,0.994004082523023,False
4239,8692,P55083,Q12891,MFAP4,HYAL2,3.1876692362011e-09,0.140684968316884,0.859315028495447,False
10336,27010,Q3KNV8-2,Q9H3S4,PCGF3,TPK1,3.73867325664417e-09,0.0617353712245912,0.938264625036736,False
10954,90316,Q14554,Q8IUE1,PDIA5,TGIF2LX,8.94020958038481e-07,0.0099543033680065,0.990044802611035,False
10954,84129,Q14554,Q709F0,PDIA5,ACAD11,3.5466413760142e-08,0.0684434660203569,0.931556498513229,False
51050,54480,O43692,Q9P2E5-2,PI15,CHPF2,4.95581451564013e-09,0.0097938451600135,0.990206149884172,False
51050,55757,O43692,Q9NYU1,PI15,UGGT2,0.0003953601091706,0.0710909513863492,0.92851368850448,False
51050,66005,O43692,Q9BWS9-3,PI15,CHID1,0.0033433204444332,0.0251305306177731,0.971526148937794,False
51050,80267,O43692,Q9BZQ6,PI15,EDEM3,7.86271620589577e-09,0.0225420494421761,0.977457942695108,False
51050,56983,O43692,Q8NBL1,PI15,POGLUT1,2.87015679302816e-13,0.0304183401693355,0.969581659830377,False
51050,153642,O43692,Q6UWY0,PI15,ARSK,5.1618003780816095e-11,0.0254537689668165,0.974546230981565,False
51050,79875,O43692,Q6ZMP0,PI15,THSD4,0.000600730956765,0.0743076218188646,0.92509164722437,False
51050,100101267,O43692,A8CG34,PI15,POM121C,1.78028897980672e-11,0.01903828509455,0.980961714887647,False
51050,80020,O43692,Q8IWF2,PI15,FOXRED2,4.95897229108e-05,0.210330335363547,0.789620074913542,False
51050,255738,O43692,Q8NBP7,PI15,PCSK9,2.75556371321946e-12,0.0176179372239193,0.982382062773325,False
51050,374378,O43692,Q6P9A2,PI15,GALNTL4,7.906979418683341e-09,0.0042244101436103,0.99577558194941,False
51050,57326,O43692,Q96AQ6-2,PI15,PBXIP1,4.0586456400591e-13,0.167958071497033,0.832041928502562,False
51050,170384,O43692,Q495W5-2,PI15,FUT11,0.0002125023979922,0.0242607356906359,0.975526761911372,False
51050,80146,O43692,Q8NBZ7-2,PI15,UXS1,2.04262605476154e-07,0.0112632575554408,0.988736538181954,False
51050,144983,O43692,Q32P51,PI15,HNRNPA1L2,1.6571810399785798e-11,0.0033259235263329,0.996674076457095,False
51050,51148,O43692,Q5T4B2,PI15,CERCAM,0.0005175977700174,0.0653271337364152,0.934155268493567,False
51050,285203,O43692,Q5NDL2-3,PI15,C3orf64,3.614157845755e-11,0.169887390374949,0.830112609588909,False
51050,64129,O43692,Q9GZM7,PI15,TINAGL1,4.15046246015329e-15,0.073508727790087,0.926491272209909,False
51050,375790,O43692,O00468,PI15,AGRN,8.12258237446278e-09,0.114723689002576,0.885276302874842,False
51050,55568,O43692,Q86SR1,PI15,GALNT10,0.0004862424733384,0.115502326720987,0.884011430805675,False
51050,285362,O43692,Q8NBK3-2,PI15,SUMF1,4.90513638216335e-06,0.081374738288451,0.918620356575167,False
51050,353500,O43692,Q7Z5Y6,PI15,BMP8A,4.3613690982976105e-09,0.216084306707785,0.783915688930846,False
51050,79006,O43692,Q9UJH8,PI15,METRN,1.58002172260029e-08,0.183929700928772,0.816070283271011,False
51050,151176,O43692,Q4G0M1,PI15,FAM132B,7.42883784855614e-11,0.112541389919838,0.887458610005873,False
51050,64222,O43692,Q9H497,PI15,TOR3A,3.61465892550448e-06,0.0727980229440141,0.92719836239706,False
51050,148113,O43692,Q8IUL8,PI15,CILP2,3.91644532381045e-10,0.0143389444695,0.985661055138855,False
51050,64132,O43692,Q9H1B5,PI15,XYLT2,9.241810265679659e-11,0.0800271952132624,0.919972804694319,False
51050,79695,O43692,Q8IXK2,PI15,GALNT12,4.95822060832729e-08,0.0911646337211443,0.90883531669665,False
51050,284207,O43692,Q641Q3,PI15,METRNL,2.3511723708557097e-12,0.133578604510735,0.866421395486913,False
51588,326625,Q8N2W9,Q96EY8,PIAS4,MMAB,8.32652948121639e-06,4.06894367079e-05,0.999950984033811,False
51588,54958,Q8N2W9,Q9NX00,PIAS4,TMEM160,1.09820016449418e-10,0.204798489217486,0.795201510672694,False
80007,80153,Q9H8K7,Q96F86,C10orf88,EDC3,1.07685203213208e-13,0.0470584487711808,0.952941551228712,False
80007,85021,Q9H8K7,Q96D71-3,C10orf88,REPS1,0.0199435804556996,0.0824643085794316,0.897592110964869,False
80007,144983,Q9H8K7,Q32P51,C10orf88,HNRNPA1L2,3.3700636319342498e-12,0.0153359209640112,0.984664079032619,False
80007,401548,Q9H8K7,Q5VWJ9,C10orf88,SNX30,1.14859337530088e-10,0.206466088440135,0.793533911445006,False
80007,121355,Q9H8K7,Q8WW33,C10orf88,GTSF1,0.0077609400090281,0.138140258206957,0.854098801784015,False
80007,93974,Q9H8K7,Q9UII2,C10orf88,ATPIF1,0.0131469754608485,0.0547887503168411,0.93206427422231,False
80007,374659,Q9H8K7,Q8N4P3-2,C10orf88,HDDC3,3.90837237369469e-07,0.0308951787377249,0.969104430425038,False
113791,728378,Q96FE7-2,A5A3E0,PIK3IP1,POTEF,0.0244433673631709,0.0473725151911351,0.928184117445694,False
113791,221662,Q96FE7-2,Q9BX46,PIK3IP1,RBM24,0.0004141769445402,0.0004700502467891,0.999115772808671,False
5645,51119,P07478,Q9Y3A5,PRSS2,SBDS,1.96510554838962e-08,0.0897235773093189,0.910276403039626,False
5645,153642,P07478,Q6UWY0,PRSS2,ARSK,1.5111928201e-05,0.0410529601969856,0.958931927874813,False
5645,79006,P07478,Q9UJH8,PRSS2,METRN,0.000567912316879,0.0172321326526782,0.982199955030443,False
5645,285362,P07478,Q8NBK3-2,PRSS2,SUMF1,0.0003420548013416,0.216028355188738,0.78362959000992,False
5686,143471,P28066,Q8TAA3-5,PSMA5,PSMA8,0.0029436018812933,0.1119262142252,0.885130183893507,False
5686,5699,P28066,P40306,PSMA5,PSMB10,0.0006654776483672,0.0745474629380764,0.924787059413556,False
8625,9943,O14593,O95747,RFXANK,OXSR1,0.160477964059521,0.0012901372940056,0.838231898646473,False
8625,24148,O14593,O94906,RFXANK,PRPF6,0.0001546542308223,0.149986609749305,0.849858736019872,False
8625,80004,O14593,Q9H6T0-2,RFXANK,ESRP2,1.96589883832566e-07,0.0751702726860684,0.924829530724048,False
8625,9401,O14593,O94761,RFXANK,RECQL4,0.0012283144214475,0.0277861475626234,0.970985538015929,False
8625,9138,O14593,Q92888-2,RFXANK,ARHGEF1,0.104246228262881,0.0948808158066641,0.800872955930455,False
8625,9918,O14593,Q15021,RFXANK,NCAPD2,7.090749467635e-08,0.057314027174093,0.942685901918412,False
8625,23354,O14593,O94927-2,RFXANK,HAUS5,0.0132726511474184,0.199825631825413,0.786901717027169,False
8625,10919,O14593,Q96KQ7-2,RFXANK,EHMT2,6.27653287001e-05,0.0177193865123838,0.982217848158916,False
8625,84220,O14593,Q99666,RFXANK,RGPD5,6.13278452531664e-11,0.0349928224799358,0.965007177458736,False
8625,79990,O14593,Q7Z736-2,RFXANK,PLEKHH3,0.0013109257714233,0.0026557466573115,0.996033327571265,False
8625,128239,O14593,Q86VI3,RFXANK,IQGAP3,1.24778756601484e-06,0.0028612206000778,0.997137531612356,False
8625,252983,O14593,Q6ZWJ1,RFXANK,STXBP4,0.0143401649188261,0.184735208231832,0.800924626849342,False
8625,51750,O14593,Q9NZ71-2,RFXANK,RTEL1,0.010360732643694,0.0002795214493995,0.989359745906907,False
8625,23102,O14593,Q9UPU7-2,RFXANK,TBC1D2B,0.0259175605741447,0.0783075331808734,0.895774906244982,False
8625,55197,O14593,Q96P16-2,RFXANK,RPRD1A,0.0053721480656989,0.147861208459448,0.846766643474853,False
8625,54919,O14593,Q86Y56,RFXANK,HEATR2,0.0077766129390363,0.0496391799078935,0.94258420715307,False
8625,9320,O14593,Q14669,RFXANK,TRIP12,0.0003215116165725,0.140192453984519,0.859486034398909,False
8625,25793,O14593,Q9Y3I1,RFXANK,FBXO7,0.0298061699464354,0.0335750635374636,0.936618766516101,False
8625,54963,O14593,Q9NWZ5,RFXANK,UCKL1,4.1451854818783e-06,0.0025630999654674,0.997432754849051,False
8625,10051,O14593,Q9NTJ3-2,RFXANK,SMC4,1.97724688078543e-08,0.0589848953406935,0.941015084886838,False
8625,54870,O14593,Q2TAL8,RFXANK,QRICH1,0.0004246330973077,0.217205416034424,0.782369950868268,False
8625,23064,O14593,Q7Z333-3,RFXANK,SETX,4.64498659479e-05,0.217064585404601,0.782888964729451,False
8625,253143,O14593,Q5THK1-4,RFXANK,PRR14L,0.0037907318653076,0.018493177064149,0.977716091070543,False
8625,26128,O14593,Q96EK5,RFXANK,KIAA1279,2.26231453716477e-07,0.0001540749151261,0.99984569885342,False
8625,81610,O14593,Q9H4H8-2,RFXANK,FAM83D,0.1643054011773,0.0287805078995494,0.806914090923151,False
8625,64895,O14593,Q9BWT3,RFXANK,PAPOLG,5.49489017584364e-12,0.0681931290645864,0.931806870929919,False
8625,55655,O14593,Q9NX02-2,RFXANK,NLRP2,0.025903892889497,0.0333300797994507,0.940766027311052,False
8625,55130,O14593,Q5T2S8,RFXANK,ARMC4,1.1347662554755901e-09,0.0850205586505495,0.914979440214684,False
8625,80124,O14593,Q96JH7,RFXANK,VCPIP1,0.10075359530338,1.22966850356e-05,0.899234108011584,False
8625,51132,O14593,Q9NVW2,RFXANK,RLIM,2.71821713654e-05,0.0071216336342641,0.99285118419437,False
8625,25821,O14593,Q9Y2Z2-4,RFXANK,MTO1,4.6998618142493904e-15,0.0951188951929608,0.904881104807034,False
8625,57139,O14593,Q3MIN7,RFXANK,RGL3,0.0032779757950954,0.236622533393721,0.760099490811183,False
8625,10982,O14593,Q15555,RFXANK,MAPRE2,0.007470740907444,0.0585420066257574,0.933987252466799,False
8625,10111,O14593,Q92878-2,RFXANK,RAD50,0.0006298119702202,0.0859339577056408,0.913436230324139,False
8625,54971,O14593,Q8N9N5-2,RFXANK,BANP,0.0016033372088062,0.0001911009463404,0.998205561844853,False
8625,64411,O14593,Q8WWN8,RFXANK,ARAP3,0.0411329644004115,0.15123776348699,0.807629272112599,False
8625,54882,O14593,Q8IWZ3-4,RFXANK,ANKHD1,0.0821789012152151,0.0276185805912433,0.890202518193542,False
8625,116113,O14593,Q8IVH2,RFXANK,FOXP4,0.0005542238893874,0.0192263050760204,0.980219471034592,False
8625,23042,O14593,Q6P996,RFXANK,PDXDC1,1.5517764054e-05,0.0140933932712768,0.985891088964669,False
8625,79016,O14593,Q9BW61,RFXANK,DDA1,0.0001824295434587,0.0504858273132812,0.94933174314326,False
8625,63922,O14593,Q8WVB6-2,RFXANK,CHTF18,4.72746053732573e-06,0.226773709803231,0.773221562736232,False
8625,9735,O14593,P50748,RFXANK,KNTC1,3.3331924025943702e-15,0.184365033876434,0.815634966123563,False
8625,55871,O14593,Q9BRT8,RFXANK,CBWD1,1.33824471093629e-08,0.171307209877676,0.828692776739877,False
8625,57082,O14593,Q8NG31-2,RFXANK,CASC5,1.8272799890062402e-09,0.0416899011168883,0.958310097055832,False
8625,23137,O14593,Q8IY18,RFXANK,SMC5,0.018555890098822,0.0008535281598069,0.980590581741371,False
8625,8986,O14593,O75676,RFXANK,RPS6KA4,1.61356368120213e-07,0.0382082345826035,0.961791604061028,False
8625,22894,O14593,Q9Y2L1,RFXANK,DIS3,2.8029542967253204e-09,0.233594989251194,0.766405007945852,False
8625,10592,O14593,O95347-2,RFXANK,SMC2,0.0003027985736428,0.0505312330699632,0.949165968356394,False
8625,221937,O14593,P85037,RFXANK,FOXK1,0.000108445625492,0.0892898483342398,0.910601706040268,False
8625,55324,O14593,Q9NUQ8-2,RFXANK,ABCF3,2.93759575411501e-10,0.134616023084173,0.865383976622067,False
8625,79075,O14593,Q9BVC3,RFXANK,DSCC1,3.938297892297e-14,0.133155516827892,0.866844483172069,False
8625,80347,O14593,Q13057-2,RFXANK,COASY,1.58165976194292e-06,0.226407807831103,0.773590610509135,False
8625,51361,O14593,Q9UJC3,RFXANK,HOOK1,0.0002664430373639,0.0020292096939948,0.997704347268641,False
8625,55181,O14593,Q8ND04-2,RFXANK,C17orf71,7.09454427379735e-10,0.189136253570672,0.810863745719874,False
8625,23154,O14593,Q9UBB6-2,RFXANK,NCDN,0.0002125429720254,0.0540540776516343,0.94573337937634,False
8625,26145,O14593,Q8IU81,RFXANK,IRF2BP1,0.0215717227507653,0.152462169450553,0.825966107798682,False
8625,23294,O14593,Q92625,RFXANK,ANKS1A,0.0851955774179961,0.093149073120544,0.82165534946146,False
8625,8724,O14593,O60493,RFXANK,SNX3,0.0748676727872042,0.156837935920709,0.768294391292087,False
8625,10443,O14593,Q92802-2,RFXANK,N4BP2L2,1.3496035748630802e-09,0.0127058086900687,0.987294189960328,False
8625,83540,O14593,Q9BZD4,RFXANK,NUF2,0.0027332192968794,0.0866649778494593,0.910601802853661,False
8625,54961,O14593,Q8TE77-3,RFXANK,SSH3,0.0086555926715943,0.178791690605676,0.81255271672273,False
8625,10869,O14593,O94966-2,RFXANK,USP19,0.0003099131950001,0.0860482596254658,0.913641827179534,False
8625,9677,O14593,Q6PFW1-2,RFXANK,PPIP5K1,1.75429650492625e-08,0.135500792886677,0.864499189570358,False
8625,9639,O14593,O15013-4,RFXANK,ARHGEF10,0.0509729313420889,0.0009693303597892,0.948057738298122,False
8625,90378,O14593,Q6SPF0,RFXANK,SAMD1,0.0039122801183165,0.152541930236166,0.843545789645518,False
8625,9610,O14593,Q13671-2,RFXANK,RIN1,5.90795965869902e-07,0.0059990731074877,0.994000336096546,False
8625,221927,O14593,Q6PJG6,RFXANK,BRAT1,2.97109658939398e-06,0.145005938190399,0.854991090713012,False
8625,138151,O14593,Q96BF6,RFXANK,NACC2,1.87389483607096e-08,7.976256765738161e-09,0.999999973284795,False
8625,23141,O14593,Q86XL3,RFXANK,ANKLE2,0.0094257869297231,0.0111422930900845,0.979431919980193,False
8625,57645,O14593,Q9P215,RFXANK,POGK,0.0001397885360064,0.0007667192823992,0.999093492181594,False
8625,79598,O14593,Q8IW35-2,RFXANK,CEP97,0.0411332815500708,0.0018772389090145,0.956989479540915,False
8625,27072,O14593,P49754-2,RFXANK,VPS41,4.45608762786822e-14,0.0649687512430077,0.935031248756948,False
51119,51631,Q9Y3A5,Q9Y383,SBDS,LUC7L2,5.35409056437854e-07,0.0007528049482519,0.999246659642692,False
90316,391123,Q8IUE1,Q5VU13,TGIF2LX,VSIG8,9.83481335016016e-14,0.0922010147587984,0.907798985241103,False
90316,147409,Q8IUE1,Q86SJ6-2,TGIF2LX,DSG4,6.56725573389446e-11,0.0947552172376065,0.905244782696721,False
113277,100507680,Q96A25,P30450,TMEM106A,LOC100507680,1.20693211116116e-13,0.0826342434556604,0.917365756544219,False
113277,160335,Q96A25,Q8N394,TMEM106A,TMTC2,5.900881445846731e-14,0.0245971399777993,0.975402860022142,False
113277,163590,Q96A25,Q8NFQ8,TMEM106A,TOR1AIP2,9.38356398925643e-17,0.112767423715567,0.887232576284433,False
113277,375056,Q96A25,Q5JRA6-2,TMEM106A,MIA3,5.45483541654292e-08,2.52451185991607e-08,0.999999920206527,False
113277,153642,Q96A25,Q6UWY0,TMEM106A,ARSK,3.84976209623324e-13,0.0026091237664649,0.99739087623315,False
113277,100288413,Q96A25,Q9H9K5,TMEM106A,LOC100288413,2.38276560894547e-14,0.0337509445076381,0.966249055492338,False
113277,166647,Q96A25,Q8IWK6-3,TMEM106A,GPR125,1.24405876324964e-07,0.0004883234896842,0.999511552104439,False
113277,220323,Q96A25,Q86UD1,TMEM106A,OAF,1.37993093814232e-13,0.194769246349093,0.805230753650769,False
113277,100510688,Q96A25,Q5SP12,TMEM106A,LOC100510688,0.0871080379181291,0.0002362236150578,0.912655738466813,False
113277,148113,Q96A25,Q8IUL8,TMEM106A,CILP2,1.81636606770237e-10,0.0225719199540418,0.977428079864322,False
113277,338761,Q96A25,Q86Z23,TMEM106A,C1QL4,2.38896573287083e-09,0.216892935463901,0.783107062147133,False
113277,283464,Q96A25,Q4G148-2,TMEM106A,GXYLT1,3.92334144627568e-14,0.0034036073085377,0.996596392691423,False
113277,349667,Q96A25,Q86UN3,TMEM106A,RTN4RL2,4.0550174817658e-12,0.179709384843504,0.820290615152441,False
51249,51507,Q5SWH9,Q9BY42,TMEM69,C20orf43,1.93055926675087e-13,0.0193731221481574,0.98062687785165,False
51249,55364,Q5SWH9,Q9P2X3-2,TMEM69,IMPACT,1.57552012800673e-07,0.0879476072006549,0.912052235247332,False
51249,55671,Q5SWH9,Q6IN85-2,TMEM69,SMEK1,6.0423421564653e-13,0.186017986886904,0.813982013112492,False
51249,55872,Q5SWH9,Q96KB5,TMEM69,PBK,1.46629436129071e-08,0.0009750198971695,0.999024965439887,False
51249,54976,Q5SWH9,Q9GZN8-2,TMEM69,C20orf27,3.24554027617903e-11,0.0328358361473722,0.967164163820172,False
51249,112399,Q5SWH9,Q9H6Z9,TMEM69,EGLN3,3.9858299971389e-17,0.177048659454959,0.822951340545041,False
7128,144568,P21580,A8K2U0,TNFAIP3,A2ML1,6.0602492841992e-08,0.0216563369851027,0.978343602412404,False
7128,326625,P21580,Q96EY8,TNFAIP3,MMAB,2.50521110387586e-09,0.0242898044531071,0.975710193041682,False
7128,145264,P21580,Q8IW75,TNFAIP3,SERPINA12,1.88643191444264e-08,0.0205963112489001,0.979403669886781,False
7138,326625,P13805-2,Q96EY8,TNNT1,MMAB,1.11668882727999e-12,0.0652390551544545,0.934760944844429,False
7138,11078,P13805-2,Q9H2D6-2,TNNT1,TRIOBP,4.4070721957373e-09,0.0044055699195395,0.995594425673388,False
118424,448834,Q8N2K1,Q5T749,UBE2J2,KPRP,1.21709553052596e-07,0.147846460583587,0.85215341770686,False
926,6272,P10966-3,Q99523,CD8B,SORT1,0.003585253089342,0.0081368584969919,0.988277888413666,False
926,2260,P10966-3,P11362-14,CD8B,FGFR1,5.98416060069212e-08,0.208004651860368,0.791995288298026,False
926,6714,P10966-3,P12931-2,CD8B,SRC,0.0022427382448563,0.0101033866171066,0.987653875138037,False
926,51119,P10966-3,Q9Y3A5,CD8B,SBDS,1.35294382903972e-08,0.0024840689965312,0.997515917474031,False
926,79695,P10966-3,Q8IXK2,CD8B,GALNT12,2.14211968201097e-07,0.0019845354836777,0.998015250304354,False
926,100509457,P10966-3,Q08AS3,CD8B,LOC100509457,1.3790405869512e-11,1.64944738265e-05,0.999983505512383,False
926,5645,P10966-3,P07478,CD8B,PRSS2,6.33379753502594e-06,0.020462663018613,0.979531003183852,False
26097,445582,Q9Y3Y2-3,Q6S8J3,CHTOP,POTEE,1.25333304479405e-09,0.0121085798350968,0.98789141891157,False
26097,57644,Q9Y3Y2-3,A7E2Y1-2,CHTOP,MYH7B,2.8411843859118098e-11,0.164562940274636,0.835437059696952,False
26097,79833,Q9Y3Y2-3,Q8WXD5,CHTOP,GEMIN6,9.198034707744489e-11,0.0411938312281583,0.958806168679861,False
50856,100507680,Q9UMR7,P30450,CLEC4A,LOC100507680,0.0008482640935397,0.0909251226022983,0.908226613304162,False
50856,56123,Q9UMR7,Q9Y5F0,CLEC4A,PCDHB13,2.3679457068959397e-11,0.0166061340562318,0.983393865920089,False
50856,56106,Q9UMR7,Q9Y5H3,CLEC4A,PCDHGA10,1.63377205593127e-14,0.007074628465689,0.992925371534295,False
50856,100101267,Q9UMR7,A8CG34,CLEC4A,POM121C,7.14537705768506e-08,0.0024644546740196,0.99753547387221,False
50856,79651,Q9UMR7,Q6PJF5-2,CLEC4A,RHBDF2,0.0419585601030427,2.52886628357151e-08,0.958041414608294,False
50856,57674,Q9UMR7,Q9HCF4-2,CLEC4A,RNF213,4.95822060832729e-08,0.0911646337211443,0.90883531669665,False
50856,84978,Q9UMR7,Q7Z6J6-2,CLEC4A,FRMD5,6.97023527537334e-07,0.0457951328234243,0.954204170153048,False
50856,55830,Q9UMR7,Q68CQ7,CLEC4A,GLT8D1,8.26639237767717e-12,0.009070483413469,0.990929516578265,False
50856,55207,Q9UMR7,Q9NVJ2,CLEC4A,ARL8B,0.009156378848393,0.0475146543937406,0.943328966757866,False
50856,81533,Q9UMR7,Q8TB96,CLEC4A,ITFG1,1.19446891427947e-08,0.0051633178793395,0.994836670175971,False
50856,166647,Q9UMR7,Q8IWK6-3,CLEC4A,GPR125,1.24485425146434e-06,0.21553493877604,0.784463816369708,False
50856,114990,Q9UMR7,Q6EMK4,CLEC4A,VASN,2.42038625744082e-08,0.0041476129426775,0.99585236285346,False
1633,4153,P27707,P11226,DCK,MBL2,0.0003504887034285,0.106673827404893,0.892975683891679,False
1633,27010,P27707,Q9H3S4,DCK,TPK1,1.31791188255391e-07,0.0311871433938238,0.968812724814988,False
1633,5657,P27707,P24158,DCK,PRTN3,0.0147946927184879,0.000188385674257,0.985016921607255,False
27123,51742,Q9UBU2,Q4LE39,DKK2,ARID4B,1.06872448273014e-13,0.0055043105331243,0.994495689466769,False
27123,79595,Q9UBU2,Q9H0E3,DKK2,SAP130,8.47112286934969e-07,0.0009481298641001,0.999051023023613,False
27123,84312,Q9UBU2,Q5PSV4,DKK2,BRMS1L,5.60015226748055e-07,0.0361609774614323,0.963838462523341,False
27123,653499,Q9UBU2,P47929,DKK2,LGALS7B,0.0102268143609458,0.0439020594210842,0.94587112621797,False
27123,51119,Q9UBU2,Q9Y3A5,DKK2,SBDS,0.0501765944762425,1.53277608742e-05,0.949808077762883,False
27123,653145,Q9UBU2,P13928,DKK2,ANXA8,0.0001040913987595,0.0003165706707211,0.999579337930519,False
27123,100509457,Q9UBU2,Q08AS3,DKK2,LOC100509457,6.42805358203396e-11,0.0001853248230804,0.999814675112639,False
27123,64426,Q9UBU2,Q9H7L9,DKK2,SUDS3,1.1101429462172e-06,0.0009799183571206,0.999018971499933,False
112399,339448,Q9H6Z9,Q8IYL3,EGLN3,C1orf174,0.144125161879603,0.0115115103665911,0.844363327753806,False
93,79990,Q13705,Q7Z736-2,ACVR2B,PLEKHH3,4.43262279866592e-08,0.115805495993054,0.884194459680719,False
93,7046,Q13705,P36897-2,ACVR2B,TGFBR1,2.00672570109682e-07,0.0003827413294227,0.999617057998007,False
93,1182,Q13705,P51790-2,ACVR2B,CLCN3,0.0004862424733384,0.115502326720987,0.884011430805675,False
93,657,Q13705,P36894,ACVR2B,BMPR1A,0.000417114721901,0.0029256458703928,0.996657239407706,False
93,5792,Q13705,P10586-2,ACVR2B,PTPRF,0.170616739420247,0.0012486374457136,0.828134623134039,False
93,780,Q13705,Q08345-2,ACVR2B,DDR1,0.0204333895120596,0.0220478042798128,0.957518806208128,False
93,6574,Q13705,Q8WUM9,ACVR2B,SLC20A1,0.167269784210178,0.0024404358813829,0.830289779908439,False
93,54901,Q13705,Q5VV42-2,ACVR2B,CDKAL1,1.35030595664e-05,0.202876787814657,0.797109709125777,False
93,8795,Q13705,O14763-2,ACVR2B,TNFRSF10B,1.3900628745102098e-11,0.206135346964023,0.793864653022076,False
115,23210,O60503,Q6NYC1-2,ADCY9,JMJD6,0.11693157523535,2.48228548359e-05,0.883043601909814,False
115,4842,O60503,P29475-2,ADCY9,NOS1,1.60926084075825e-06,0.0043669443824844,0.995631446356675,False
23097,55090,Q9BWU1-2,Q9NWA0,CDK19,MED9,1.74765400329956e-10,0.0061782817117753,0.993821718113459,False
23097,81857,Q9BWU1-2,Q71SY5-2,CDK19,MED25,4.28736878284278e-10,0.0067991997167094,0.993200799854554,False
23097,400569,Q9BWU1-2,Q9P086,CDK19,MED11,2.93555283917e-05,0.0003514078359686,0.99961923663564,False
30850,201725,Q86X02,Q504U0,CDR2L,C4orf46,0.0008286005546414,0.0275775182715533,0.971593881173805,False
64946,83447,Q9H3R5,Q9H0C2,CENPH,SLC25A31,0.0030140012330184,0.0025258590441097,0.994460139722872,False
29883,113246,Q9UIV1,Q99622,CNOT7,C12orf57,0.0039304901916373,0.0439158585646211,0.952153651243741,False
25839,84619,Q9H9E3,Q8N5A5-2,COG4,ZGPAT,0.0014648916240754,0.01089228720655,0.987642821169375,False
8165,89941,Q92667,Q8IXI1,AKAP1,RHOT2,2.19704455849e-05,0.0193914610866728,0.980586568467742,False
23113,84245,Q8IWT3-3,Q9BV20-2,CUL9,MRI1,1.09411767460246e-10,1.97100848315e-05,0.999980289805757,False
26094,347688,Q8WV16-2,Q3ZCM7,DCAF4,TUBB8,0.000472953162616,0.107158668516887,0.892368378320496,False
26094,51138,Q8WV16-2,Q9BT78,DCAF4,COPS4,1.659435227879e-10,0.0008213875300477,0.999178612304009,False
